0,2044
1,1983
2,2068
3,2146
4,2202
5,2258
6,2315
7,2486
8,2445
9,2480
10,2542
11,2608
12,2608
13,2695
14,2768
15,2834
16,2857
17,2931
18,2997
19,3034
20,3096
21,3147
22,3184
23,3273
24,3318
25,3365
26,3407
27,3483
28,3541
29,3613
30,3658
31,3701
32,3788
33,3844
34,3877
35,3957
36,4049
37,4037
38,4200
39,4408
40,4117
41,4192
42,4249
43,4280
44,4332
45,4435
46,4480
47,4589
48,4579
49,4632
50,4853
51,4802
52,4845
53,4800
54,4972
55,4929
56,5094
57,5038
58,5104
59,5238
60,5194
61,5261
62,5483
63,5359
64,5403
65,5481
66,5524
67,5572
68,5636
69,5687
70,5728
71,5798
72,5873
73,5891
74,6056
75,6031
76,6043
77,6112
78,6184
79,6220
80,6262
81,6346
82,6384
83,6804
84,6554
85,6536
86,6591
87,6698
88,6700
89,6774
90,6841
91,6857
92,6942
93,6995
94,7028
95,7098
96,7139
97,7183
98,7273
99,7300
100,7368
101,7415
102,7454
103,7545
104,7572
105,7625
106,7700
107,7720
108,7802
109,7838
110,7909
111,7959
112,8005
113,8071
114,8122
115,8181
116,8229
117,8272
118,8365
119,8499
120,8462
121,8486
122,8573
123,8592
124,8659
125,8720
126,8746
127,8832
128,8861
129,8936
130,8973
131,9113
132,9077
133,9205
134,9191
135,9276
136,9300
137,9372
138,9405
139,9467
140,9506
141,9592
142,9615
143,9718
144,9724
145,9840
146,9927
147,10029
148,9938
149,10029
150,10042
151,10134
152,10153
153,10238
154,10262
155,10341
156,10367
157,10667
158,10501
159,10546
160,10617
161,10639
162,10715
163,10746
164,10837
165,10853
166,10927
167,10977
168,11024
169,11113
170,11133
171,11275
172,11244
173,11300
174,11378
175,11395
176,11471
177,11500
178,11745
179,12083
180,11916
181,11819
182,11792
183,12462
184,12322
185,12277
186,12007
187,12079
188,12104
189,12205
190,12258
191,12392
192,12346
193,12390
194,12448
195,12507
196,12558
197,12610
198,12769
199,12707
200,12781
201,12832
202,12869
203,12931
204,13000
205,13043
206,13094
207,13148
208,13201
209,13249
210,13416
211,13432
212,13444
213,13521
214,13584
215,13612
216,13702
217,13745
218,13778
219,13840
220,13901
221,13972
222,13992
223,14064
224,14118
225,14176
226,14213
227,14295
228,14365
229,14392
230,14414
231,14507
232,14557
233,14635
234,14633
235,14748
236,14763
237,14829
238,14878
239,14930
240,15004
241,15047
242,15094
243,15147
244,15212
245,15294
246,15313
247,15358
248,15422
249,15478
250,15525
251,15579
252,16155
253,15652
254,15733
255,16211
256,15829
