0,1433
1,2142
2,2300
3,2398
4,2486
5,2587
6,2692
7,2805
8,2833
9,2910
10,2992
11,3089
12,3164
13,3283
14,3324
15,3403
16,3504
17,3565
18,3657
19,4499
20,4437
21,4524
22,4587
23,4717
24,4796
25,4868
26,4954
27,5052
28,5116
29,5226
30,6448
31,5399
32,5451
33,5516
34,5634
35,5699
36,5770
37,5883
38,5940
39,6032
40,6161
41,6259
42,6303
43,6425
44,6481
45,6575
46,6683
47,6737
48,6828
49,6943
50,7006
51,7127
52,7205
53,7266
54,7388
55,7456
56,7524
57,7618
58,7754
59,7851
60,7897
61,8005
62,8092
63,8162
64,8273
65,8334
66,8451
67,8516
68,8648
69,8684
70,8783
71,8873
72,8949
73,9028
74,9127
75,9242
76,9275
77,9383
78,9456
79,9561
80,9633
81,9710
82,9821
83,9901
84,9983
85,10065
86,10159
87,10237
88,10352
89,10388
90,10504
91,10562
92,10678
93,10761
94,10852
95,10944
96,10992
97,11144
98,11177
99,11292
100,11372
101,11422
102,11546
103,11607
104,11712
105,11787
106,11865
107,11966
108,12056
109,12119
110,12249
111,12318
112,12365
113,12480
114,12574
115,12641
116,12753
117,12822
118,12902
119,13055
120,13118
121,13140
122,13254
123,13350
124,13392
125,13520
126,13609
127,13676
128,13751
129,13848
130,13969
131,14022
132,14094
133,14181
134,14288
135,14380
136,14462
137,14551
138,14637
139,14712
140,14769
141,14893
142,14990
143,15069
144,15132
145,15224
146,15367
147,15430
148,15547
149,15566
150,15656
151,15831
152,15875
153,15931
154,16025
155,16126
156,16177
157,16311
158,16414
159,16491
160,16512
161,16603
162,16731
163,16808
164,16854
165,16909
166,17068
167,17163
168,17232
169,17303
170,17400
171,17495
172,17528
173,17620
174,17756
175,17817
176,17874
177,17962
178,18074
179,18178
180,18218
181,18319
182,18437
183,18519
184,18613
185,18684
186,18783
187,18869
188,18902
189,19007
190,19125
191,19227
192,19247
193,19350
194,19466
195,19561
196,19607
197,19693
198,19809
199,19920
200,19983
201,20050
202,20159
203,20348
204,20333
205,20505
206,20511
207,20585
208,20654
209,20732
210,20874
211,20925
212,20975
213,21051
214,21187
215,21283
216,21355
217,21454
218,21527
219,21619
220,21674
221,21770
222,21879
223,21957
224,21995
225,22104
226,22240
227,22324
228,22355
229,22432
230,22562
231,22704
232,22776
233,22811
234,22922
235,23019
236,23040
237,23185
238,23266
239,23344
240,23388
241,23625
242,23650
243,23711
244,23726
245,23860
246,23959
247,24040
248,24122
249,25236
250,24488
251,24645
252,24529
253,24599
254,24672
255,24760
256,24930
