0,13617
1,20664
2,20957
3,21083
4,21696
5,21899
6,22136
7,22449
8,22643
9,23130
10,23272
11,23688
12,23740
13,23990
14,24254
15,24401
16,24550
17,24775
18,25067
19,25230
20,25547
21,25777
22,26203
23,26341
24,26510
25,26845
26,26969
27,27300
28,27576
29,27858
30,28173
31,28490
32,28735
33,28885
34,29116
35,29671
36,29669
37,30029
38,30521
39,30684
40,30917
41,31114
42,31355
43,31813
44,31841
45,32207
46,32471
47,32779
48,33030
49,33306
50,33747
51,34008
52,34409
53,34681
54,34987
55,35367
56,36270
57,36560
58,36680
59,37762
60,37951
61,38291
62,38627
63,38792
64,39156
65,39565
66,39287
67,40103
68,40209
69,40372
70,40226
71,40422
72,40360
73,40514
74,39954
75,40218
76,40368
77,40461
78,40724
79,40512
80,40695
81,40798
82,40098
83,40642
84,41066
85,40825
86,40818
87,41054
88,41167
89,41333
90,41072
91,41560
92,41572
93,41720
94,41862
95,44647
96,42080
97,42175
98,42257
99,42370
100,42440
101,42521
102,42686
103,42688
104,42780
105,42883
106,42966
107,43109
108,43221
109,43330
110,43567
111,44106
112,44159
113,44406
114,44970
115,45063
116,45242
117,45423
118,45384
119,45557
120,45678
121,45771
122,45909
123,46024
124,46384
125,46327
126,46458
127,46672
128,46699
129,47150
130,47070
131,47218
132,47355
133,47588
134,47680
135,48035
136,48162
137,48498
138,48407
139,48500
140,48807
141,48838
142,48982
143,49330
144,49399
145,49733
146,49883
147,50025
148,50461
149,50532
150,50764
151,50904
152,51071
153,51229
154,50988
155,51126
156,51412
157,51464
158,51756
159,51919
160,52198
161,52472
162,52674
163,52882
164,53063
165,53281
166,53289
167,52989
168,54357
169,53934
170,53917
171,55245
172,55356
173,55405
174,203070
175,58702
176,58805
177,58903
178,59250
179,59283
180,59318
181,59265
182,59227
183,59380
184,59612
185,58212
186,57031
187,57472
188,57259
189,57362
190,57433
191,57563
192,57604
193,57756
194,57963
195,58048
196,58142
197,58157
198,58330
199,58383
200,58425
201,58548
202,59082
203,59051
204,59316
205,60024
206,59801
207,60079
208,60234
209,60316
210,60495
211,60767
212,61220
213,61156
214,61356
215,61798
216,61895
217,62171
218,62486
219,62712
220,62784
221,63076
222,63208
223,63362
224,63716
225,64478
226,64466
227,64840
228,65268
229,65442
230,65380
231,65495
232,65724
233,65711
234,65908
235,65943
236,65925
237,66098
238,66259
239,66322
240,66337
241,66567
242,66549
243,66553
244,66692
245,66781
246,66857
247,67013
248,67368
249,67199
250,67306
251,67366
252,67494
253,67635
254,67654
255,67814
256,67872
