0,13809
1,14190
2,14257
3,14396
4,14509
5,14578
6,14805
7,14934
8,15145
9,15419
10,15358
11,15472
12,15691
13,15900
14,15992
15,16102
16,16227
17,16425
18,16425
19,16599
20,16726
21,16752
22,16973
23,17123
24,17190
25,17403
26,17430
27,17604
28,17718
29,17874
30,18422
31,18109
32,18364
33,18418
34,18544
35,18761
36,18827
37,19359
38,19735
39,19299
40,20001
41,19570
42,19639
43,19864
44,19946
45,20081
46,20261
47,20459
48,20614
49,20690
50,20779
51,21044
52,21179
53,21441
54,22556
55,22063
56,23241
57,24255
58,24464
59,24530
60,24401
61,24499
62,24609
63,24636
64,24565
65,24622
66,24685
67,24661
68,24797
69,24715
70,24716
71,24699
72,24699
73,24802
74,24789
75,24783
76,24681
77,24750
78,24951
79,24777
80,25287
81,25237
82,25172
83,24742
84,25321
85,24746
86,25035
87,24791
88,25424
89,24785
90,25573
91,24859
92,25616
93,24794
94,25704
95,24922
96,25800
97,25031
98,25902
99,25174
100,26076
101,25233
102,26178
103,25397
104,26307
105,25464
106,26338
107,25599
108,26540
109,25736
110,26788
111,26434
112,27326
113,26553
114,27524
115,26784
116,26770
117,28166
118,27754
119,27142
120,28058
121,27993
122,27187
123,28111
124,27602
125,27839
126,27845
127,28878
128,28663
129,28622
130,27847
131,28895
132,28116
133,29091
134,28285
135,29277
136,29096
137,28589
138,29433
139,28973
140,28700
141,29725
142,29022
143,30083
144,30110
145,30245
146,30339
147,30543
148,30658
149,30944
150,30501
151,31149
152,31032
153,30959
154,31176
155,31243
156,31300
157,31593
158,31382
159,31656
160,31961
161,31934
162,32074
163,31981
164,32356
165,32505
166,32405
167,32642
168,33370
169,33201
170,33212
171,33266
172,33297
173,33327
174,33436
175,33460
176,33512
177,33573
178,33658
179,33669
180,33790
181,33835
182,34021
183,34061
184,33978
185,34117
186,34156
187,34127
188,34195
189,34927
190,34401
191,34786
192,34424
193,34675
194,34557
195,34774
196,34843
197,34743
198,34884
199,34845
200,34955
201,35099
202,36457
203,35465
204,35733
205,35651
206,36197
207,36144
208,36275
209,36019
210,36384
211,36193
212,36340
213,36410
214,36520
215,36778
216,36879
217,37036
218,37199
219,37304
220,37363
221,38292
222,38505
223,38627
224,38769
225,39270
226,39736
227,39552
228,39437
229,39243
230,39365
231,39568
232,39511
233,39891
234,39515
235,39081
236,39525
237,39724
238,40028
239,39760
240,39447
241,39948
242,40035
243,39519
244,40070
245,40372
246,40059
247,39926
248,40601
249,40636
250,40476
251,40734
252,40609
253,40883
254,40446
255,40707
256,41219
